e - array('B', [1, 11, 83, 0, 0, 4, 0, 0, 37, 113, 0, 0, 249])
e - array('B', [1, 11, 83, 0, 0, 4, 0, 0, 37, 0, 0, 0, 136])
e - array('B', [1, 11, 83, 0, 0, 4, 0, 0, 37, 113, 0, 0, 249])
e - array('B', [1, 11, 83, 0, 0, 13, 0, 0, 37, 0, 64, 0, 209])
e - array('B', [1, 11, 83, 0, 0, 4, 0, 0, 37, 0, 0, 0, 136])
e - array('B', [1, 11, 83, 0, 0, 2, 0, 0, 37, 113, 0, 0, 247])
e - array('B', [1, 11, 83, 0, 0, 2, 0, 0, 37, 0, 0, 0, 134])
e - array('B', [1, 11, 83, 0, 0, 14, 0, 0, 37, 0, 63, 0, 209])
e - array('B', [1, 11, 83, 0, 0, 1, 0, 0, 37, 113, 0, 0, 246])
e - array('B', [1, 11, 83, 0, 0, 2, 0, 0, 37, 113, 0, 0, 247])
e - array('B', [1, 11, 83, 0, 0, 1, 0, 0, 37, 0, 0, 0, 133])
e - array('B', [1, 11, 83, 0, 0, 2, 0, 0, 37, 0, 0, 0, 134])
e - array('B', [1, 11, 83, 0, 0, 1, 0, 0, 37, 113, 0, 0, 246])
e - array('B', [1, 11, 83, 0, 0, 1, 0, 0, 37, 0, 0, 0, 133])
e - array('B', [1, 11, 83, 0, 0, 15, 0, 0, 37, 0, 57, 0, 204])
e - array('B', [1, 11, 83, 0, 0, 16, 0, 0, 37, 0, 57, 0, 205])
e - array('B', [1, 11, 83, 0, 0, 4, 0, 0, 37, 113, 0, 0, 249])
e - array('B', [1, 11, 83, 0, 0, 4, 0, 0, 37, 0, 0, 0, 136])
e - array('B', [1, 11, 83, 0, 0, 4, 0, 0, 37, 113, 0, 0, 249])
e - array('B', [1, 11, 83, 0, 0, 4, 0, 0, 37, 0, 0, 0, 136])
e - array('B', [1, 11, 83, 0, 0, 2, 0, 0, 37, 113, 0, 0, 247])
e - array('B', [1, 11, 83, 0, 0, 1, 0, 0, 37, 113, 0, 0, 246])
e - array('B', [1, 11, 83, 0, 0, 2, 0, 0, 37, 0, 0, 0, 134])
e - array('B', [1, 11, 83, 0, 0, 3, 0, 0, 37, 113, 0, 0, 248])
e - array('B', [1, 11, 83, 0, 0, 1, 0, 0, 37, 0, 0, 0, 133])
e - array('B', [1, 11, 83, 0, 0, 3, 0, 0, 37, 0, 0, 0, 135])
e - array('B', [1, 11, 83, 0, 0, 5, 0, 0, 37, 113, 0, 0, 250])
e - array('B', [1, 11, 83, 0, 0, 5, 0, 0, 37, 0, 0, 0, 137])
e - array('B', [1, 11, 83, 0, 0, 5, 0, 0, 37, 113, 0, 0, 250])
e - array('B', [1, 11, 83, 0, 0, 5, 0, 0, 37, 0, 0, 0, 137])
e - array('B', [1, 11, 83, 0, 0, 2, 0, 0, 37, 113, 0, 0, 247])
e - array('B', [1, 11, 83, 0, 0, 1, 0, 0, 37, 113, 0, 0, 246])
e - array('B', [1, 11, 83, 0, 0, 1, 0, 0, 37, 0, 0, 0, 133])
e - array('B', [1, 11, 83, 0, 0, 2, 0, 0, 37, 0, 0, 0, 134])
e - array('B', [1, 11, 83, 0, 0, 1, 0, 0, 37, 0, 0, 0, 133])
e - array('B', [1, 11, 83, 0, 0, 2, 0, 0, 37, 0, 0, 0, 134])
e - array('B', [1, 11, 83, 0, 0, 3, 0, 0, 37, 0, 0, 0, 135])
e - array('B', [1, 11, 83, 0, 0, 4, 0, 0, 37, 0, 0, 0, 136])
e - array('B', [1, 11, 83, 0, 0, 5, 0, 0, 37, 0, 0, 0, 137])
e - array('B', [1, 11, 83, 0, 0, 6, 0, 0, 37, 8, 45, 0, 191])
e - array('B', [1, 11, 83, 0, 0, 7, 0, 0, 37, 0, 55, 0, 194])
e - array('B', [1, 11, 83, 0, 0, 1, 0, 0, 37, 113, 0, 0, 246])
e - array('B', [1, 11, 83, 0, 0, 1, 0, 0, 37, 0, 0, 0, 133])
e - array('B', [1, 11, 83, 0, 0, 1, 0, 0, 37, 113, 0, 0, 246])
e - array('B', [1, 11, 83, 0, 0, 1, 0, 0, 37, 0, 0, 0, 133])
e - array('B', [1, 11, 83, 0, 0, 8, 0, 0, 37, 0, 56, 0, 196])
e - array('B', [1, 11, 83, 0, 0, 2, 0, 0, 37, 113, 0, 0, 247])
e - array('B', [1, 11, 83, 0, 0, 2, 0, 0, 37, 0, 0, 0, 134])
e - array('B', [1, 11, 83, 0, 0, 2, 0, 0, 37, 113, 0, 0, 247])
e - array('B', [1, 11, 83, 0, 0, 2, 0, 0, 37, 0, 0, 0, 134])
e - array('B', [1, 11, 83, 0, 0, 9, 0, 0, 37, 8, 46, 0, 195])
e - array('B', [1, 11, 83, 0, 0, 5, 0, 0, 37, 113, 0, 0, 250])
e - array('B', [1, 11, 83, 0, 0, 5, 0, 0, 37, 113, 0, 0, 250])
e - array('B', [1, 11, 83, 0, 0, 5, 0, 0, 37, 0, 0, 0, 137])
e - array('B', [1, 11, 83, 0, 0, 3, 0, 0, 37, 113, 0, 0, 248])
e - array('B', [1, 11, 83, 0, 0, 3, 0, 0, 37, 0, 0, 0, 135])
e - array('B', [1, 11, 83, 0, 0, 10, 0, 0, 37, 0, 54, 0, 196])
e - array('B', [1, 11, 83, 0, 0, 11, 0, 0, 37, 0, 59, 0, 202])
e - array('B', [1, 11, 83, 0, 0, 4, 0, 0, 37, 113, 0, 0, 249])
e - array('B', [1, 11, 83, 0, 0, 11, 0, 0, 37, 0, 59, 0, 202])
e - array('B', [1, 11, 83, 0, 0, 4, 0, 0, 37, 0, 0, 0, 136])
e - array('B', [1, 11, 83, 0, 0, 12, 0, 0, 37, 0, 58, 0, 202])
e - array('B', [1, 11, 83, 0, 0, 13, 0, 0, 37, 0, 64, 0, 209])
e - array('B', [1, 11, 83, 0, 0, 14, 0, 0, 37, 0, 63, 0, 209])
e - array('B', [1, 11, 83, 0, 0, 15, 0, 0, 37, 0, 57, 0, 204])
e - array('B', [1, 11, 83, 0, 0, 16, 0, 0, 37, 0, 57, 0, 205])
e - array('B', [1, 11, 83, 0, 0, 2, 0, 0, 37, 113, 0, 0, 247])
e - array('B', [1, 11, 83, 0, 0, 2, 0, 0, 37, 0, 0, 0, 134])
e - array('B', [1, 11, 83, 0, 0, 2, 0, 0, 37, 113, 0, 0, 247])
e - array('B', [1, 11, 83, 0, 0, 2, 0, 0, 37, 0, 0, 0, 134])
e - array('B', [1, 11, 83, 0, 0, 5, 0, 0, 37, 113, 0, 0, 250])
e - array('B', [1, 11, 83, 0, 0, 5, 0, 0, 37, 0, 0, 0, 137])
e - array('B', [1, 11, 83, 0, 0, 5, 0, 0, 37, 113, 0, 0, 250])
e - array('B', [1, 11, 83, 0, 0, 5, 0, 0, 37, 0, 0, 0, 137])
e - array('B', [1, 11, 83, 0, 0, 3, 0, 0, 37, 113, 0, 0, 248])
e - array('B', [1, 11, 83, 0, 0, 3, 0, 0, 37, 0, 0, 0, 135])
e - array('B', [1, 11, 83, 0, 0, 3, 0, 0, 37, 113, 0, 0, 248])
e - array('B', [1, 11, 83, 0, 0, 4, 0, 0, 37, 113, 0, 0, 249])
e - array('B', [1, 11, 83, 0, 0, 3, 0, 0, 37, 0, 0, 0, 135])
e - array('B', [1, 11, 83, 0, 0, 4, 0, 0, 37, 0, 0, 0, 136])
e - array('B', [1, 11, 83, 0, 0, 2, 0, 0, 37, 113, 0, 0, 247])
e - array('B', [1, 11, 83, 0, 0, 2, 0, 0, 37, 0, 0, 0, 134])
e - array('B', [1, 11, 83, 0, 0, 2, 0, 0, 37, 113, 0, 0, 247])
e - array('B', [1, 11, 83, 0, 0, 2, 0, 0, 37, 0, 0, 0, 134])
e - array('B', [1, 11, 83, 0, 0, 1, 0, 0, 37, 113, 0, 0, 246])
e - array('B', [1, 11, 83, 0, 0, 1, 0, 0, 37, 0, 0, 0, 133])
e - array('B', [1, 11, 83, 0, 0, 1, 0, 0, 37, 113, 0, 0, 246])
e - array('B', [1, 11, 83, 0, 0, 1, 0, 0, 37, 0, 0, 0, 133])
e - array('B', [1, 11, 83, 0, 0, 1, 0, 0, 37, 0, 0, 0, 133])
e - array('B', [1, 11, 83, 0, 0, 2, 0, 0, 37, 0, 0, 0, 134])
e - array('B', [1, 11, 83, 0, 0, 3, 0, 0, 37, 0, 0, 0, 135])
e - array('B', [1, 11, 83, 0, 0, 4, 0, 0, 37, 0, 0, 0, 136])
e - array('B', [1, 11, 83, 0, 0, 5, 0, 0, 37, 0, 0, 0, 137])
e - array('B', [1, 11, 83, 0, 0, 6, 0, 0, 37, 8, 45, 0, 191])
e - array('B', [1, 11, 83, 0, 0, 2, 0, 0, 37, 113, 0, 0, 247])
e - array('B', [1, 11, 83, 0, 0, 2, 0, 0, 37, 0, 0, 0, 134])
e - array('B', [1, 11, 83, 0, 0, 2, 0, 0, 37, 113, 0, 0, 247])
e - array('B', [1, 11, 83, 0, 0, 2, 0, 0, 37, 0, 0, 0, 134])
e - array('B', [1, 11, 83, 0, 0, 7, 0, 0, 37, 0, 55, 0, 194])
e - array('B', [1, 11, 83, 0, 0, 3, 0, 0, 37, 113, 0, 0, 248])
e - array('B', [1, 11, 83, 0, 0, 8, 0, 0, 37, 0, 56, 0, 196])
e - array('B', [1, 11, 83, 0, 0, 5, 0, 0, 37, 113, 0, 0, 250])
e - array('B', [1, 11, 83, 0, 0, 3, 0, 0, 37, 0, 0, 0, 135])
e - array('B', [1, 11, 83, 0, 0, 5, 0, 0, 37, 0, 0, 0, 137])
e - array('B', [1, 11, 83, 0, 0, 5, 0, 0, 37, 113, 0, 0, 250])
e - array('B', [1, 11, 83, 0, 0, 5, 0, 0, 37, 0, 0, 0, 137])
e - array('B', [1, 11, 83, 0, 0, 9, 0, 0, 37, 8, 46, 0, 195])
e - array('B', [1, 11, 83, 0, 0, 10, 0, 0, 37, 0, 54, 0, 196])
e - array('B', [1, 11, 83, 0, 0, 11, 0, 0, 37, 0, 59, 0, 202])
e - array('B', [1, 11, 83, 0, 0, 12, 0, 0, 37, 0, 58, 0, 202])
e - array('B', [1, 11, 83, 0, 0, 13, 0, 0, 37, 0, 64, 0, 209])
e - array('B', [1, 11, 83, 0, 0, 14, 0, 0, 37, 0, 63, 0, 209])
e - array('B', [1, 11, 83, 0, 0, 15, 0, 0, 37, 0, 57, 0, 204])
e - array('B', [1, 11, 83, 0, 0, 3, 0, 0, 37, 113, 0, 0, 248])
e - array('B', [1, 11, 83, 0, 0, 2, 0, 0, 37, 113, 0, 0, 247])
e - array('B', [1, 11, 83, 0, 0, 3, 0, 0, 37, 0, 0, 0, 135])
e - array('B', [1, 11, 83, 0, 0, 2, 0, 0, 37, 0, 0, 0, 134])
e - array('B', [1, 11, 83, 0, 0, 2, 0, 0, 37, 113, 0, 0, 247])
e - array('B', [1, 11, 83, 0, 0, 2, 0, 0, 37, 0, 0, 0, 134])
e - array('B', [1, 11, 83, 0, 0, 16, 0, 0, 37, 0, 57, 0, 205])
e - array('B', [1, 11, 83, 0, 0, 5, 0, 0, 37, 113, 0, 0, 250])
e - array('B', [1, 11, 83, 0, 0, 5, 0, 0, 37, 0, 0, 0, 137])
e - array('B', [1, 11, 83, 0, 0, 5, 0, 0, 37, 113, 0, 0, 250])
e - array('B', [1, 11, 83, 0, 0, 5, 0, 0, 37, 0, 0, 0, 137])
e - array('B', [1, 11, 83, 0, 0, 1, 0, 0, 37, 113, 0, 0, 246])
e - array('B', [1, 11, 83, 0, 0, 1, 0, 0, 37, 0, 0, 0, 133])
e - array('B', [1, 11, 83, 0, 0, 1, 0, 0, 37, 113, 0, 0, 246])
e - array('B', [1, 11, 83, 0, 0, 1, 0, 0, 37, 0, 0, 0, 133])
e - array('B', [1, 11, 83, 0, 0, 3, 0, 0, 37, 113, 0, 0, 248])
e - array('B', [1, 11, 83, 0, 0, 4, 0, 0, 37, 113, 0, 0, 249])
e - array('B', [1, 11, 83, 0, 0, 3, 0, 0, 37, 0, 0, 0, 135])
e - array('B', [1, 11, 83, 0, 0, 4, 0, 0, 37, 0, 0, 0, 136])
e - array('B', [1, 11, 83, 0, 0, 4, 0, 0, 37, 113, 0, 0, 249])
e - array('B', [1, 11, 83, 0, 0, 4, 0, 0, 37, 0, 0, 0, 136])
e - array('B', [1, 11, 83, 0, 0, 3, 0, 0, 37, 113, 0, 0, 248])
e - array('B', [1, 11, 83, 0, 0, 3, 0, 0, 37, 0, 0, 0, 135])
e - array('B', [1, 11, 83, 0, 0, 2, 0, 0, 37, 113, 0, 0, 247])
e - array('B', [1, 11, 83, 0, 0, 2, 0, 0, 37, 0, 0, 0, 134])
e - array('B', [1, 11, 83, 0, 0, 2, 0, 0, 37, 113, 0, 0, 247])
e - array('B', [1, 11, 83, 0, 0, 2, 0, 0, 37, 0, 0, 0, 134])
e - array('B', [1, 11, 83, 0, 0, 1, 0, 0, 37, 0, 0, 0, 133])
e - array('B', [1, 11, 83, 0, 0, 2, 0, 0, 37, 0, 0, 0, 134])
e - array('B', [1, 11, 83, 0, 0, 3, 0, 0, 37, 0, 0, 0, 135])
e - array('B', [1, 11, 83, 0, 0, 1, 0, 0, 37, 113, 0, 0, 246])
e - array('B', [1, 11, 83, 0, 0, 1, 0, 0, 37, 0, 0, 0, 133])
e - array('B', [1, 11, 83, 0, 0, 4, 0, 0, 37, 0, 0, 0, 136])
e - array('B', [1, 11, 83, 0, 0, 5, 0, 0, 37, 0, 0, 0, 137])
e - array('B', [1, 11, 83, 0, 0, 6, 0, 0, 37, 8, 45, 0, 191])
e - array('B', [1, 11, 83, 0, 0, 7, 0, 0, 37, 0, 55, 0, 194])
e - array('B', [1, 11, 83, 0, 0, 2, 0, 0, 37, 113, 0, 0, 247])
e - array('B', [1, 11, 83, 0, 0, 2, 0, 0, 37, 0, 0, 0, 134])
e - array('B', [1, 11, 83, 0, 0, 4, 0, 0, 37, 113, 0, 0, 249])
e - array('B', [1, 11, 83, 0, 0, 4, 0, 0, 37, 0, 0, 0, 136])
e - array('B', [1, 11, 83, 0, 0, 8, 0, 0, 37, 0, 56, 0, 196])
e - array('B', [1, 11, 83, 0, 0, 4, 0, 0, 37, 113, 0, 0, 249])
e - array('B', [1, 11, 83, 0, 0, 4, 0, 0, 37, 0, 0, 0, 136])
e - array('B', [1, 11, 83, 0, 0, 9, 0, 0, 37, 8, 46, 0, 195])
e - array('B', [1, 11, 83, 0, 0, 2, 0, 0, 37, 113, 0, 0, 247])
e - array('B', [1, 11, 83, 0, 0, 2, 0, 0, 37, 0, 0, 0, 134])
e - array('B', [1, 11, 83, 0, 0, 10, 0, 0, 37, 0, 54, 0, 196])
e - array('B', [1, 11, 83, 0, 0, 11, 0, 0, 37, 0, 59, 0, 202])
e - array('B', [1, 11, 83, 0, 0, 12, 0, 0, 37, 0, 58, 0, 202])
e - array('B', [1, 11, 83, 0, 0, 13, 0, 0, 37, 0, 64, 0, 209])
e - array('B', [1, 11, 83, 0, 0, 14, 0, 0, 37, 0, 63, 0, 209])
e - array('B', [1, 11, 83, 0, 0, 15, 0, 0, 37, 0, 57, 0, 204])
e - array('B', [1, 11, 83, 0, 0, 1, 0, 0, 37, 113, 0, 0, 246])
e - array('B', [1, 11, 83, 0, 0, 1, 0, 0, 37, 0, 0, 0, 133])
e - array('B', [1, 11, 83, 0, 0, 1, 0, 0, 37, 113, 0, 0, 246])
e - array('B', [1, 11, 83, 0, 0, 1, 0, 0, 37, 0, 0, 0, 133])
e - array('B', [1, 11, 83, 0, 0, 16, 0, 0, 37, 0, 57, 0, 205])
e - array('B', [1, 11, 83, 0, 0, 2, 0, 0, 37, 113, 0, 0, 247])
e - array('B', [1, 11, 83, 0, 0, 2, 0, 0, 37, 0, 0, 0, 134])
e - array('B', [1, 11, 83, 0, 0, 2, 0, 0, 37, 113, 0, 0, 247])
e - array('B', [1, 11, 83, 0, 0, 2, 0, 0, 37, 0, 0, 0, 134])
e - array('B', [1, 11, 83, 0, 0, 2, 0, 0, 37, 113, 0, 0, 247])
e - array('B', [1, 11, 83, 0, 0, 2, 0, 0, 37, 0, 0, 0, 134])
e - array('B', [1, 11, 83, 0, 0, 2, 0, 0, 37, 113, 0, 0, 247])
e - array('B', [1, 11, 83, 0, 0, 2, 0, 0, 37, 0, 0, 0, 134])
e - array('B', [1, 11, 83, 0, 0, 3, 0, 0, 37, 113, 0, 0, 248])
e - array('B', [1, 11, 83, 0, 0, 5, 0, 0, 37, 113, 0, 0, 250])
e - array('B', [1, 11, 83, 0, 0, 3, 0, 0, 37, 0, 0, 0, 135])
e - array('B', [1, 11, 83, 0, 0, 5, 0, 0, 37, 0, 0, 0, 137])
e - array('B', [1, 11, 83, 0, 0, 5, 0, 0, 37, 113, 0, 0, 250])
e - array('B', [1, 11, 83, 0, 0, 5, 0, 0, 37, 0, 0, 0, 137])
e - array('B', [1, 11, 83, 0, 0, 3, 0, 0, 37, 113, 0, 0, 248])
e - array('B', [1, 11, 83, 0, 0, 3, 0, 0, 37, 0, 0, 0, 135])
e - array('B', [1, 11, 83, 0, 0, 1, 0, 0, 37, 0, 0, 0, 133])
e - array('B', [1, 11, 83, 0, 0, 2, 0, 0, 37, 0, 0, 0, 134])
e - array('B', [1, 11, 83, 0, 0, 3, 0, 0, 37, 0, 0, 0, 135])
e - array('B', [1, 11, 83, 0, 0, 4, 0, 0, 37, 0, 0, 0, 136])
e - array('B', [1, 11, 83, 0, 0, 5, 0, 0, 37, 0, 0, 0, 137])
e - array('B', [1, 11, 83, 0, 0, 6, 0, 0, 37, 8, 45, 0, 191])
e - array('B', [1, 11, 83, 0, 0, 2, 0, 0, 37, 113, 0, 0, 247])
e - array('B', [1, 11, 83, 0, 0, 2, 0, 0, 37, 0, 0, 0, 134])
e - array('B', [1, 11, 83, 0, 0, 3, 0, 0, 37, 113, 0, 0, 248])
e - array('B', [1, 11, 83, 0, 0, 3, 0, 0, 37, 0, 0, 0, 135])
e - array('B', [1, 11, 83, 0, 0, 3, 0, 0, 37, 113, 0, 0, 248])
e - array('B', [1, 11, 83, 0, 0, 3, 0, 0, 37, 0, 0, 0, 135])
e - array('B', [1, 11, 83, 0, 0, 4, 0, 0, 37, 113, 0, 0, 249])
e - array('B', [1, 11, 83, 0, 0, 4, 0, 0, 37, 0, 0, 0, 136])
e - array('B', [1, 11, 83, 0, 0, 4, 0, 0, 37, 113, 0, 0, 249])
e - array('B', [1, 11, 83, 0, 0, 4, 0, 0, 37, 0, 0, 0, 136])
e - array('B', [1, 11, 83, 0, 0, 8, 0, 0, 37, 0, 56, 0, 196])
e - array('B', [1, 11, 83, 0, 0, 2, 0, 0, 37, 113, 0, 0, 247])
e - array('B', [1, 11, 83, 0, 0, 2, 0, 0, 37, 0, 0, 0, 134])
e - array('B', [1, 11, 83, 0, 0, 5, 0, 0, 37, 113, 0, 0, 250])
e - array('B', [1, 11, 83, 0, 0, 5, 0, 0, 37, 0, 0, 0, 137])
e - array('B', [1, 11, 83, 0, 0, 5, 0, 0, 37, 113, 0, 0, 250])
e - array('B', [1, 11, 83, 0, 0, 5, 0, 0, 37, 0, 0, 0, 137])
e - array('B', [1, 11, 83, 0, 0, 9, 0, 0, 37, 8, 46, 0, 195])
e - array('B', [1, 11, 83, 0, 0, 10, 0, 0, 37, 0, 54, 0, 196])
e - array('B', [1, 11, 83, 0, 0, 11, 0, 0, 37, 0, 59, 0, 202])
e - array('B', [1, 11, 83, 0, 0, 12, 0, 0, 37, 0, 58, 0, 202])
e - array('B', [1, 11, 83, 0, 0, 13, 0, 0, 37, 0, 64, 0, 209])
e - array('B', [1, 11, 83, 0, 0, 14, 0, 0, 37, 0, 63, 0, 209])
e - array('B', [1, 11, 83, 0, 0, 15, 0, 0, 37, 0, 57, 0, 204])
e - array('B', [1, 11, 83, 0, 0, 16, 0, 0, 37, 0, 57, 0, 205])
e - array('B', [1, 11, 83, 0, 0, 5, 0, 0, 37, 113, 0, 0, 250])
e - array('B', [1, 11, 83, 0, 0, 5, 0, 0, 37, 0, 0, 0, 137])
e - array('B', [1, 11, 83, 0, 0, 5, 0, 0, 37, 113, 0, 0, 250])
e - array('B', [1, 11, 83, 0, 0, 5, 0, 0, 37, 0, 0, 0, 137])
e - array('B', [1, 11, 83, 0, 0, 3, 0, 0, 37, 113, 0, 0, 248])
e - array('B', [1, 11, 83, 0, 0, 3, 0, 0, 37, 0, 0, 0, 135])
e - array('B', [1, 11, 83, 0, 0, 2, 0, 0, 37, 113, 0, 0, 247])
e - array('B', [1, 11, 83, 0, 0, 2, 0, 0, 37, 0, 0, 0, 134])
e - array('B', [1, 11, 83, 0, 0, 2, 0, 0, 37, 113, 0, 0, 247])
e - array('B', [1, 11, 83, 0, 0, 2, 0, 0, 37, 0, 0, 0, 134])
e - array('B', [1, 11, 83, 0, 0, 3, 0, 0, 37, 113, 0, 0, 248])
e - array('B', [1, 11, 83, 0, 0, 3, 0, 0, 37, 0, 0, 0, 135])
e - array('B', [1, 11, 83, 0, 0, 5, 0, 0, 37, 113, 0, 0, 250])
e - array('B', [1, 11, 83, 0, 0, 5, 0, 0, 37, 0, 0, 0, 137])
e - array('B', [1, 11, 83, 0, 0, 5, 0, 0, 37, 113, 0, 0, 250])
e - array('B', [1, 11, 83, 0, 0, 5, 0, 0, 37, 0, 0, 0, 137])
e - array('B', [1, 11, 83, 0, 0, 4, 0, 0, 37, 113, 0, 0, 249])
e - array('B', [1, 11, 83, 0, 0, 4, 0, 0, 37, 0, 0, 0, 136])
e - array('B', [1, 11, 83, 0, 0, 4, 0, 0, 37, 113, 0, 0, 249])
e - array('B', [1, 11, 83, 0, 0, 4, 0, 0, 37, 0, 0, 0, 136])